{
 "cells": [
  {
   "cell_type": "code",
   "execution_count": 24,
   "id": "66bafcd3",
   "metadata": {},
   "outputs": [],
   "source": [
    "import cv2\n",
    "import os\n",
    "\n",
    "# copying 20 images from pickup folder and converting to grey scale\n",
    "\n",
    "# Path to your folder with images\n",
    "input_folder = r\"C:\\Users\\Anne-\\datadrevet_programvare\\image_processing\\data\\r7bthvstxw-1\\pickup\"\n",
    "output_folder = r\"C:\\Users\\Anne-\\datadrevet_programvare\\image_processing\\data\\r7bthvstxw-1\\greyscale_pickup\"\n",
    "\n",
    "\n",
    "# Make sure output folder exists\n",
    "os.makedirs(output_folder, exist_ok=True)\n",
    "\n",
    "# Loop through only the first 20 image files\n",
    "for i, filename in enumerate(os.listdir(input_folder)):\n",
    "    if i >= 20:  # stop after 20 images\n",
    "        break\n",
    "    \n",
    "    img_path = os.path.join(input_folder, filename)\n",
    "    img = cv2.imread(img_path)\n",
    "    gray = cv2.cvtColor(img, cv2.COLOR_BGR2GRAY)\n",
    "\n",
    "    cv2.imwrite(os.path.join(output_folder, filename), gray)\n",
    "\n",
    "\n"
   ]
  },
  {
   "cell_type": "code",
   "execution_count": 30,
   "id": "9dcd0d67",
   "metadata": {},
   "outputs": [],
   "source": [
    "import numpy as np\n",
    "\n",
    "# normalizing the images by scaling pixel values to a range [0, 1]\n",
    "\n",
    "grey_images_folder = r\"C:\\Users\\Anne-\\datadrevet_programvare\\image_processing\\data\\r7bthvstxw-1\\greyscale_pickup\"\n",
    "\n",
    "size = (128, 128)\n",
    "\n",
    "before_images = []\n",
    "normalised_images = []\n",
    "\n",
    "for f in os.listdir(grey_images_folder):\n",
    "    img = cv2.imread(os.path.join(grey_images_folder, f), cv2.IMREAD_GRAYSCALE)\n",
    "    img = cv2.resize(img, size)  \n",
    "\n",
    "    before_images.append(img)\n",
    "    normalised_images.append(img / 255.0)\n",
    "\n",
    "before_images = np.array(before_images)\n",
    "normalised_images = np.array(normalised_images)\n",
    "\n",
    "before_images = np.array(before_images)\n",
    "normalised_images = np.array(normalised_images)\n",
    "\n",
    "# print(before_images)\n",
    "# print(normalised_images[0])"
   ]
  },
  {
   "cell_type": "code",
   "execution_count": 44,
   "id": "b93d7978",
   "metadata": {},
   "outputs": [
    {
     "name": "stdout",
     "output_type": "stream",
     "text": [
      "(20, 128, 128)\n",
      "2D matrix shape: (20, 16384)\n",
      "(20, 20)\n"
     ]
    }
   ],
   "source": [
    "# Convert the images into a 2D matrix where each row represents an image and each column represents a pixel value\n",
    "\n",
    "print(normalised_images.shape)\n",
    "\n",
    "X = normalised_images.reshape(normalised_images.shape[0], -1)\n",
    "print(\"2D matrix shape:\", X.shape)\n",
    "\n",
    "# Compute the covariance matrix of the image data\n",
    "\n",
    "cov = np.cov(X)\n",
    "print(cov.shape)"
   ]
  },
  {
   "cell_type": "code",
   "execution_count": 43,
   "id": "82f19f9d",
   "metadata": {},
   "outputs": [
    {
     "name": "stdout",
     "output_type": "stream",
     "text": [
      "number of eigenvectors:  20\n",
      "number of eigenvalues: 20\n",
      "eigenvectors:  [[ 0.04891612  0.04603012  0.19805621 -0.54609682  0.05433869 -0.06861336\n",
      "   0.41546561 -0.08054845  0.04381146  0.45910911 -0.10092502  0.08363004\n",
      "   0.13533825 -0.02276927  0.01974003  0.18984188 -0.09095665 -0.02971853\n",
      "   0.3391955   0.24884813]\n",
      " [-0.0456159   0.09993131 -0.09651476  0.03392212 -0.289522    0.33514473\n",
      "  -0.23078624 -0.25142267  0.32446706  0.35691757 -0.08999871 -0.11212978\n",
      "  -0.15111623  0.48138235 -0.1681435  -0.07227713 -0.00632782 -0.05724182\n",
      "  -0.16890508  0.30265115]\n",
      " [ 0.15285459 -0.39682689  0.55378974  0.29510405 -0.05823606  0.21606859\n",
      "  -0.03166577 -0.35779695 -0.08559038 -0.14073922  0.183361   -0.10383586\n",
      "  -0.07589336 -0.08178452 -0.00267747  0.00634226 -0.00789884 -0.10132492\n",
      "   0.32782674  0.21086529]\n",
      " [-0.02463995 -0.19661715  0.18185227  0.3674919  -0.06244161 -0.54926669\n",
      "   0.09624888  0.21082751  0.32945896  0.09451861 -0.16054197  0.39003589\n",
      "   0.06258081  0.20963632  0.0602702  -0.12179092  0.08201644 -0.19704741\n",
      "  -0.02601148  0.1592801 ]\n",
      " [-0.01849871  0.02540133 -0.06718405  0.03094188 -0.00909735 -0.09600314\n",
      "  -0.00589319  0.00184864 -0.01761743 -0.06442358  0.11535896  0.08710945\n",
      "  -0.02636966  0.31610509  0.06240856 -0.28590529  0.02227095  0.77648312\n",
      "   0.40873467  0.04590132]\n",
      " [-0.02205479 -0.09921473 -0.0684313  -0.04050428  0.13155505 -0.24113986\n",
      "   0.01234426 -0.26684073  0.33124616 -0.17963394 -0.15805166 -0.47776988\n",
      "   0.20516665 -0.16572691  0.39646316  0.01078419 -0.11777525  0.203596\n",
      "  -0.2498147   0.31098309]\n",
      " [ 0.09364897  0.16557346 -0.05241726  0.13831897 -0.11944759 -0.17689989\n",
      "  -0.20919504  0.12818182 -0.14584125  0.09175475 -0.45230265 -0.10593812\n",
      "  -0.51882651 -0.36807112 -0.08587941  0.17096421  0.11691391  0.12277351\n",
      "   0.1976616   0.28568924]\n",
      " [ 0.03124207  0.00469449 -0.20309405 -0.17354716  0.04747385 -0.31151609\n",
      "  -0.26434381 -0.46328248 -0.43119494 -0.16607216  0.10526784  0.38192407\n",
      "  -0.00553509  0.18341489  0.04647728  0.18316567 -0.02915408 -0.09517287\n",
      "  -0.11933931  0.2825672 ]\n",
      " [-0.0282707  -0.38616803 -0.05772268 -0.08391032 -0.27808655  0.16625693\n",
      "  -0.17073627  0.50032105 -0.20430822  0.20494436  0.26327666  0.04621913\n",
      "   0.04526705 -0.05501046  0.37499615  0.13995782 -0.06069337  0.11235179\n",
      "  -0.17053915  0.29897496]\n",
      " [ 0.02866911  0.73387323  0.23772158  0.24448464  0.02906083  0.15582496\n",
      "   0.14934832  0.11426965 -0.04755189 -0.12037132  0.21995369  0.11144889\n",
      "   0.05853931 -0.00678349  0.29301157  0.00395239 -0.03903086 -0.04715032\n",
      "  -0.06992285  0.32909649]\n",
      " [ 0.00451189 -0.03782837  0.02997608  0.12929528  0.06295416 -0.1662238\n",
      "   0.23505825  0.25613076 -0.21196681 -0.15080612  0.07751543 -0.33023731\n",
      "   0.09940196  0.26291148 -0.57112716  0.24645683 -0.29717996  0.08282428\n",
      "  -0.12982691  0.26035542]\n",
      " [ 0.04851685  0.02410668  0.05968499 -0.09887782  0.52831399  0.12133073\n",
      "  -0.57182408  0.22693979  0.33360491 -0.06179696  0.0454708   0.13023822\n",
      "   0.20662729 -0.03301608 -0.17010834  0.18986523 -0.02839483 -0.00831293\n",
      "   0.21093722  0.15206406]\n",
      " [ 0.05016145  0.01872953 -0.00181098  0.03720529  0.31988931 -0.07724631\n",
      "  -0.13941162  0.12973187 -0.42084999  0.21493784 -0.16389192 -0.40183246\n",
      "   0.1207228   0.31635637  0.22109701 -0.35130442  0.19401474 -0.29568128\n",
      "   0.16392801  0.02539611]\n",
      " [-0.04715763 -0.05202909 -0.07952367 -0.18701831  0.25991199 -0.15137041\n",
      "   0.09420151  0.02671933  0.12806166  0.07527593  0.49848985 -0.04341532\n",
      "  -0.46327751 -0.21084994 -0.16797135 -0.45884891  0.03127924 -0.11148092\n",
      "  -0.11899899  0.23635422]\n",
      " [-0.02394133 -0.23838769 -0.22200962  0.0366544   0.33344134  0.46023428\n",
      "   0.36975928  0.05274774 -0.05269097 -0.26033331 -0.3949663   0.28232851\n",
      "  -0.10070169  0.06124619  0.03104871 -0.10906696  0.08774686  0.00893796\n",
      "  -0.08560802  0.28521241]\n",
      " [-0.0351032   0.04158976  0.04699716  0.0228828  -0.18639419  0.04595672\n",
      "  -0.11605631 -0.06993024 -0.1739847   0.12390747 -0.13542289  0.12542225\n",
      "   0.53247082 -0.40179376 -0.35299445 -0.45627622  0.0768523   0.11300278\n",
      "  -0.13234593  0.21318988]\n",
      " [ 0.07076465  0.04905794  0.02006338 -0.43983786 -0.42722792 -0.02966051\n",
      "  -0.06089662  0.21092072  0.1257605  -0.58024014 -0.08158787 -0.0891847\n",
      "   0.01764762  0.11993217 -0.02105668 -0.19544335  0.08288515 -0.26292189\n",
      "   0.22915263  0.13481896]\n",
      " [-0.87267352  0.00123317 -0.18828555  0.13935348 -0.04645263  0.01026926\n",
      "   0.01433123 -0.05225413 -0.01097329 -0.02733015  0.06485217 -0.05494468\n",
      "   0.06002954 -0.08747646  0.01275241  0.07858022 -0.04514846 -0.16436111\n",
      "   0.33757514  0.09835765]\n",
      " [-0.00290194  0.00898525  0.0608622  -0.00972059  0.0087488   0.02377213\n",
      "  -0.13310856  0.0252355  -0.06061873  0.01578266 -0.208036    0.11515691\n",
      "  -0.13009587 -0.0224932   0.10987149 -0.28977306 -0.88582421 -0.08063311\n",
      "   0.04977856 -0.09755398]\n",
      " [ 0.42879363 -0.00517061 -0.62994222  0.28659355 -0.10099479  0.01605001\n",
      "   0.12731459 -0.04481069  0.11533503  0.07036377  0.19690128 -0.03127343\n",
      "   0.18818471 -0.12270472  0.01179261  0.02122732 -0.12595192 -0.20276345\n",
      "   0.36788808  0.08421491]]\n",
      "eigenvalues:  [0.01173376 0.01888561 0.02208028 0.02319039 0.02569586 0.02747647\n",
      " 0.02990211 0.03264245 0.03464884 0.03570338 0.03729958 0.04094034\n",
      " 0.04339061 0.04839583 0.05219429 0.05782304 0.06720806 0.11337508\n",
      " 0.12017921 0.36431511]\n"
     ]
    }
   ],
   "source": [
    "from numpy.linalg import eigh\n",
    "\n",
    "# calculate eigenvectors and eigenvalues for the covariance matrix\n",
    "\n",
    "eigenvalues, eigenvectors = eigh(cov)\n",
    "\n",
    "print(\"number of eigenvectors: \", len(eigenvectors))\n",
    "print(\"number of eigenvalues:\", len(eigenvalues))\n",
    "print(\"eigenvectors: \", eigenvectors)\n",
    "print(\"eigenvalues: \", eigenvalues)"
   ]
  }
 ],
 "metadata": {
  "kernelspec": {
   "display_name": "introML",
   "language": "python",
   "name": "python3"
  },
  "language_info": {
   "codemirror_mode": {
    "name": "ipython",
    "version": 3
   },
   "file_extension": ".py",
   "mimetype": "text/x-python",
   "name": "python",
   "nbconvert_exporter": "python",
   "pygments_lexer": "ipython3",
   "version": "3.11.13"
  }
 },
 "nbformat": 4,
 "nbformat_minor": 5
}
